10
5
1 5
1 3
1 2
1 6
1 7
4
8 D
10 D
11 D
13 L
# p.327

K1KA5CB7
# p.322

123402
7755
# p.321

8 5
1 5 4 3 2 4 5 2
5 3
1 3 2 3 2
# p.315

5
3 2 1 1 9
# p.314

0001100
# p.313

567
# p.312

5
2 3 1 2 2
# p.311

5
10 -1
10 1 -1
4 1 -1
4 3 1 -1
3 3 -1
# p.303

7 12
1 2 3
1 3 2
3 2 1
2 5 2
3 4 4
7 3 6
5 1 5
1 6 2
6 4 1
6 5 3
4 5 3
6 7 4
# p.300

7 8
0 1 3
1 1 7
0 7 6
1 7 1
0 3 7
0 4 2
0 1 1
1 1 1
# p.298

7 8
1 2
1 5
2 3
2 6
3 4
4 7
5 6
6 4
# 위상정렬

7 9
1 2 29
1 5 75
2 3 35
2 6 34
3 4 7
4 6 23
4 7 13
5 6 53
6 7 25
# 크루스칼